I/SleepMonitor: 1571685737274, 9.868853;1571685737370, 9.987537;1571685737465, 4.733709;1571685737561, 9.829273;1571685737655, 10.000029;1571685737751, 9.823647;1571685737849, 9.86673;1571685737943, 9.778434;1571685738038, 9.844688;1571685738134, 9.8923;1571685738227, 9.879174;
I/SleepMonitor: 1571685738324, 9.880532;1571685738420, 9.883404;1571685738514, 9.867041;1571685738611, 9.763066;1571685738705, 9.885097;1571685738800, 9.87174;1571685738897, 9.87892;1571685738992, 9.832205;1571685739086, 9.853841;1571685739181, 9.810511;1571685739276, 9.809391;
I/SleepMonitor: 1571685739371, 9.861764;1571685739467, 9.815982;1571685739563, 9.8364;1571685739659, 9.864694;1571685739754, 9.898521;1571685739849, 9.818076;1571685739945, 9.817167;1571685740041, 9.816355;1571685740137, 9.825009;1571685740232, 9.907652;1571685740328, 9.788326;
I/SleepMonitor: 1571685740423, 9.911409;1571685740518, 9.845562;1571685740613, 9.761476;1571685740709, 9.725275;1571685740804, 9.929179;1571685740899, 9.887138;1571685740995, 9.835236;1571685741091, 9.823986;1571685741186, 9.8477;1571685741281, 9.865719;1571685741377, 9.858762;
I/SleepMonitor: 1571685741472, 9.853747;1571685741568, 9.697934;1571685741663, 9.993444;1571685741759, 9.849011;1571685741854, 9.894715;1571685741949, 9.876808;1571685742044, 9.846323;1571685742139, 9.71363;1571685742235, 9.891059;1571685742331, 9.829557;1571685742425, 9.840099;
I/SleepMonitor: 1571685742520, 9.894686;1571685742617, 9.755317;1571685742712, 9.846752;1571685742808, 9.888286;1571685742903, 9.848553;1571685742998, 9.864083;1571685743094, 9.843177;1571685743190, 9.79259;1571685743285, 9.719347;1571685743379, 9.7908125;1571685743474, 9.857876;
I/SleepMonitor: 1571685743570, 9.83522;1571685743666, 9.823808;1571685743761, 9.82325;1571685743857, 9.857604;1571685743952, 9.819917;1571685744047, 9.839266;1571685744142, 9.841757;1571685744237, 9.901229;1571685744333, 9.874738;1571685744429, 9.950861;1571685744525, 9.82747;
I/SleepMonitor: 1571685744620, 9.792629;1571685744715, 9.88682;1571685744811, 9.883396;1571685744906, 9.8884735;1571685745002, 9.877496;1571685745098, 9.82383;1571685745192, 9.799947;1571685745287, 9.865774;1571685745382, 9.9178705;1571685745477, 9.999664;1571685745574, 9.827663;
I/SleepMonitor: 1571685745669, 9.894692;1571685745764, 9.808017;1571685745860, 9.8511;1571685745956, 9.923271;1571685746050, 9.51568;1571685746146, 9.796692;1571685746241, 9.838445;1571685746337, 9.860747;1571685746432, 9.901902;1571685746527, 9.866978;1571685746623, 9.77871;
I/SleepMonitor: 1571685746720, 9.81811;1571685746814, 9.804645;1571685746913, 9.852945;1571685747004, 9.813983;1571685747100, 9.806197;1571685747196, 9.760058;1571685747290, 9.83954;1571685747386, 9.874396;1571685747482, 9.891095;1571685747577, 9.853764;1571685747672, 9.840662;
I/SleepMonitor: 1571685747767, 9.859531;1571685747863, 9.866306;1571685747960, 9.8897705;1571685748054, 9.880043;1571685748150, 9.849284;1571685748245, 9.830395;1571685748341, 9.863447;1571685748436, 9.865851;1571685748531, 9.854667;1571685748627, 9.8544855;1571685748722, 9.851615;
I/SleepMonitor: 1571685748818, 9.874722;1571685748912, 9.891696;1571685749010, 9.873421;1571685749104, 9.819534;1571685749199, 9.804804;1571685749294, 9.865288;1571685749389, 9.888784;1571685749486, 9.912992;1571685749582, 9.894643;1571685749678, 9.817444;1571685749772, 9.807621;
I/SleepMonitor: 1571685749868, 9.834666;1571685749962, 9.886841;1571685750058, 9.8609295;1571685750154, 9.85144;1571685750249, 9.849737;1571685750344, 9.842707;1571685750440, 9.8953285;1571685750536, 9.875761;1571685750631, 9.816263;1571685750726, 9.825573;1571685750821, 9.882717;
I/SleepMonitor: 1571685750917, 9.884314;1571685751013, 9.858907;1571685751108, 9.874558;1571685751203, 9.813997;1571685751298, 9.84906;1571685751392, 9.893675;1571685751487, 9.899151;1571685751582, 9.859683;1571685751678, 9.829473;1571685751774, 9.6566305;1571685751870, 9.164742;
I/SleepMonitor: 1571685751964, 9.982132;1571685752059, 9.858004;1571685752155, 9.885403;1571685752253, 9.764118;1571685752347, 9.686314;1571685752443, 9.839889;1571685752539, 9.796371;1571685752634, 9.882866;1571685752730, 9.820609;1571685752825, 9.846452;1571685752919, 9.863019;
I/SleepMonitor: 1571685753016, 9.90985;1571685753110, 9.878805;1571685753207, 9.854937;1571685753308, 9.828111;1571685753397, 9.855589;1571685753492, 9.946915;1571685753587, 9.816146;1571685753683, 9.855618;1571685753778, 9.771322;1571685753874, 9.997383;1571685753969, 9.802797;
I/SleepMonitor: 1571685754064, 10.016294;1571685754159, 9.8424;1571685754255, 9.822008;1571685754352, 9.822001;1571685754446, 9.870625;1571685754542, 9.87478;1571685754637, 9.908495;1571685754732, 9.868032;1571685754828, 9.849245;1571685754923, 9.851882;1571685755018, 9.885232;
I/SleepMonitor: 1571685755114, 9.8424;1571685755209, 9.847278;1571685755305, 9.8637085;1571685755401, 9.876921;1571685755496, 9.879901;1571685755591, 9.909096;1571685755688, 9.8453245;1571685755782, 9.846327;1571685755878, 9.858785;1571685755972, 9.900867;1571685756068, 9.855923;
I/SleepMonitor: 1571685756164, 9.87355;1571685756260, 9.83911;1571685756354, 9.793166;1571685756451, 9.867737;1571685756545, 9.910286;1571685756641, 9.899253;1571685756736, 9.85186;1571685756831, 9.814749;1571685756928, 9.8333845;1571685757023, 9.823022;1571685757118, 9.875012;
I/SleepMonitor: 1571685757214, 9.887139;1571685757308, 9.8419695;1571685757404, 9.856179;1571685757499, 9.89908;1571685757593, 9.868582;1571685757690, 9.843343;1571685757784, 9.848149;1571685757879, 9.854121;1571685757975, 9.841177;1571685758070, 9.876587;1571685758166, 9.885242;
I/SleepMonitor: 1571685758261, 9.850324;1571685758357, 9.812867;1571685758453, 9.841819;1571685758550, 9.874416;1571685758647, 9.908336;1571685758740, 9.873576;1571685758834, 9.850896;1571685758932, 9.809697;1571685759026, 9.832346;1571685759121, 9.896091;1571685759217, 9.9015;
I/SleepMonitor: 1571685759312, 9.857151;1571685759408, 9.8360195;1571685759504, 9.823308;1571685759599, 9.806284;1571685759694, 9.878406;1571685759790, 9.854651;1571685759885, 9.849188;1571685759981, 9.8367195;1571685760076, 9.92492;1571685760187, 9.880308;1571685760265, 9.836879;
I/SleepMonitor: 1571685760361, 9.836886;1571685760456, 9.841932;1571685760552, 9.857569;1571685760647, 9.893521;1571685760744, 9.91656;1571685760841, 9.831515;1571685760934, 9.822052;1571685761029, 9.865621;1571685761126, 9.864543;1571685761220, 9.865254;1571685761317, 9.878368;
I/SleepMonitor: 1571685761411, 9.871849;1571685761507, 9.794749;1571685761602, 9.865807;1571685761698, 9.887225;1571685761793, 9.882471;1571685761890, 9.86583;1571685761984, 9.840006;1571685762079, 9.822324;1571685762175, 9.878287;1571685762271, 9.850277;1571685762366, 9.821827;
I/SleepMonitor: 1571685762461, 9.823557;1571685762558, 9.855265;1571685762651, 9.905602;1571685762748, 9.942498;1571685762843, 9.893555;1571685762940, 9.808533;1571685763033, 9.7945;1571685763128, 9.87221;1571685763225, 9.888848;1571685763321, 9.873276;1571685763415, 9.857674;
I/SleepMonitor: 1571685763511, 9.821731;1571685763607, 9.870551;1571685763701, 9.856145;1571685763796, 9.889757;1571685763891, 9.859708;1571685763987, 9.87144;1571685764082, 9.813616;1571685764178, 9.877745;1571685764273, 9.865961;1571685764369, 9.863978;1571685764464, 9.837983;
I/SleepMonitor: 1571685764560, 9.858282;1571685764655, 9.895944;1571685764751, 9.877254;1571685764846, 9.784102;1571685764941, 9.853676;1571685765037, 9.732357;1571685765132, 9.876897;1571685765228, 9.883911;1571685765323, 9.908719;1571685765419, 9.8890915;1571685765514, 9.867669;
I/SleepMonitor: 1571685765610, 9.789995;1571685765705, 9.834118;1571685765800, 9.908214;1571685765896, 9.8449;1571685765991, 9.825634;1571685766086, 9.863808;1571685766181, 9.865873;1571685766277, 9.839171;1571685766373, 9.885311;1571685766469, 9.886115;1571685766564, 9.835246;
I/SleepMonitor: 1571685766660, 9.822772;1571685766755, 9.923273;1571685766850, 9.854685;1571685766946, 9.797705;1571685767041, 9.8498335;1571685767137, 9.848602;1571685767232, 9.872131;1571685767327, 9.922951;1571685767423, 9.879345;1571685767519, 9.789261;1571685767616, 9.814383;
I/SleepMonitor: 1571685767709, 9.855564;1571685767804, 9.900435;1571685767900, 9.894065;1571685767995, 9.895025;1571685768090, 9.8671;1571685768186, 9.823631;1571685768282, 9.875303;1571685768376, 9.825601;1571685768472, 9.849436;1571685768568, 9.83784;1571685768664, 9.818662;
I/SleepMonitor: 1571685768760, 9.808217;1571685768857, 9.848832;1571685768954, 9.821406;1571685769047, 9.809336;1571685769145, 9.780218;1571685769239, 9.812792;1571685769335, 9.841017;1571685769431, 9.806068;1571685769526, 9.795631;1571685769622, 9.780188;1571685769718, 9.761751;
I/SleepMonitor: 1571685769814, 9.836063;1571685769910, 9.881266;1571685770005, 9.850734;1571685770102, 9.816278;1571685770197, 9.775054;1571685770294, 9.762102;1571685770389, 9.770258;1571685770485, 9.803444;1571685770580, 9.817819;1571685770676, 9.782173;1571685770773, 9.8161545;
I/SleepMonitor: 1571685770868, 8.656414;1571685770964, 10.086675;1571685771059, 9.589654;1571685771155, 9.851552;1571685771253, 9.735355;1571685771347, 9.708097;1571685771443, 9.778925;1571685771541, 9.841607;1571685771634, 9.83962;1571685771730, 9.82137;1571685771826, 9.762121;
I/SleepMonitor: 1571685771923, 9.820614;1571685772018, 9.869535;1571685772114, 9.838033;1571685772209, 9.7987385;1571685772305, 9.784037;1571685772402, 9.7913;1571685772496, 9.714234;1571685772596, 9.829;1571685772689, 9.852323;1571685772784, 9.808187;1571685772881, 9.777299;
I/SleepMonitor: 1571685772977, 9.798934;1571685773071, 9.785467;1571685773166, 9.8136425;1571685773262, 9.801786;1571685773358, 9.804308;1571685773454, 9.769519;1571685773551, 9.775106;1571685773646, 9.850466;1571685773742, 9.82439;1571685773837, 9.82039;1571685773934, 9.790826;
I/SleepMonitor: 1571685774030, 9.771283;1571685774126, 9.798381;1571685774219, 9.864495;1571685774316, 9.809686;1571685774411, 9.816019;1571685774507, 9.825003;1571685774604, 9.757575;1571685774699, 9.748464;1571685774794, 9.848028;1571685774891, 9.840702;1571685774991, 9.84122;
I/SleepMonitor: 1571685775084, 9.847112;1571685775179, 9.804029;1571685775275, 9.816356;1571685775370, 9.751292;1571685775466, 9.859074;1571685775562, 9.779557;1571685775659, 9.8110695;1571685775754, 9.335551;1571685775849, 9.687701;1571685775947, 9.523704;1571685776041, 8.635459;
I/SleepMonitor: 1571685776137, 9.69106;1571685776234, 9.63392;1571685776330, 9.756343;1571685776425, 9.815548;1571685776520, 9.665088;1571685776617, 9.77659;1571685776712, 9.786569;1571685776819, 9.8811245;1571685776921, 9.837032;1571685777001, 11.59824;1571685777101, 9.648413;
I/SleepMonitor: 1571685777191, 9.773658;1571685777286, 9.784346;1571685777382, 9.741133;1571685777478, 9.781156;1571685777574, 9.790109;1571685777670, 9.814075;1571685777766, 9.759029;1571685777861, 9.826601;1571685777958, 9.811553;1571685778054, 9.825959;1571685778150, 9.812154;
I/SleepMonitor: 1571685778245, 9.788657;1571685778340, 9.7337675;1571685778438, 9.764299;1571685778533, 9.828365;1571685778628, 9.82809;1571685778724, 9.809478;1571685778820, 9.819544;1571685778915, 9.774674;1571685779011, 9.762225;1571685779107, 9.78545;1571685779202, 9.823648;
I/SleepMonitor: 1571685779298, 9.804729;1571685779394, 9.750445;1571685779490, 9.721844;1571685779586, 9.764395;1571685779682, 9.785601;1571685779779, 9.81896;1571685779873, 9.835588;1571685779969, 9.80714;1571685780066, 9.792806;1571685780161, 9.800176;1571685780257, 9.797865;
I/SleepMonitor: 1571685780353, 9.795608;1571685780448, 9.740439;1571685780544, 9.728639;1571685780640, 9.76439;1571685780736, 9.804505;1571685780832, 9.849918;1571685780928, 9.862266;1571685781023, 9.793264;1571685781119, 9.750235;1571685781215, 9.747705;1571685781312, 9.799876;
I/SleepMonitor: 1571685781407, 9.81631;1571685781504, 9.8239975;1571685781598, 9.783724;1571685781694, 9.738288;1571685781790, 9.766749;1571685781886, 9.81662;1571685781981, 9.826114;1571685782077, 9.828728;1571685782172, 9.80744;1571685782269, 9.771763;1571685782365, 9.776282;
I/SleepMonitor: 1571685782460, 9.8123045;1571685782556, 9.78346;1571685782652, 9.790471;1571685782748, 9.773685;1571685782845, 9.814189;1571685782939, 9.816369;1571685783036, 9.862123;1571685783130, 9.828938;1571685783227, 9.748176;1571685783323, 9.714668;1571685783419, 9.742436;
I/SleepMonitor: 1571685783515, 9.799338;1571685783610, 9.840091;1571685783706, 9.8428335;1571685783802, 9.8001795;1571685783897, 9.750281;1571685783994, 9.776178;1571685784089, 9.814121;1571685784185, 9.838241;1571685784280, 9.8165045;1571685784377, 9.800548;1571685784472, 9.75938;
I/SleepMonitor: 1571685784568, 9.773536;1571685784664, 9.802422;1571685784759, 9.797867;1571685784855, 9.788119;1571685784951, 9.804748;1571685785047, 9.78997;1571685785142, 9.823462;1571685785238, 9.823978;1571685785335, 9.776786;1571685785430, 9.743652;1571685785526, 9.750085;
I/SleepMonitor: 1571685785622, 9.761543;1571685785725, 9.813603;1571685785814, 9.833153;1571685785909, 9.824281;1571685786005, 9.79125;1571685786101, 9.740732;1571685786197, 9.780612;1571685786292, 9.790198;1571685786387, 9.830938;1571685786483, 9.810024;1571685786579, 9.78345;
I/SleepMonitor: 1571685786674, 9.767084;1571685786771, 9.836111;1571685786866, 9.766367;1571685786963, 9.821816;1571685787059, 9.766532;1571685787155, 9.807197;1571685787249, 9.766506;1571685787345, 9.83319;1571685787442, 9.78119;1571685787538, 9.748237;1571685787633, 9.72874;
I/SleepMonitor: 1571685787729, 9.747435;1571685787825, 9.818484;1571685787920, 9.8592;1571685788016, 9.847575;1571685788113, 9.748158;1571685788208, 9.633814;1571685788304, 9.683394;1571685788400, 9.787793;1571685788496, 9.861706;1571685788591, 9.8403015;1571685788688, 9.764502;
I/SleepMonitor: 1571685788784, 9.774316;1571685788879, 9.781607;1571685788976, 9.807076;1571685789071, 9.799962;1571685789168, 9.783271;1571685789263, 9.848776;1571685789358, 9.718752;1571685789455, 9.833326;1571685789550, 9.938225;1571685789646, 9.804575;1571685789742, 9.78418;
I/SleepMonitor: 1571685789839, 9.83822;1571685789933, 9.801647;1571685790030, 9.839425;1571685790126, 9.8299465;1571685790220, 9.797364;1571685790316, 9.709383;1571685790412, 9.7406025;1571685790508, 9.758704;1571685790605, 9.83458;1571685790700, 9.861008;1571685790795, 9.837542;
I/SleepMonitor: 1571685790892, 9.771098;1571685790987, 9.723691;1571685791082, 9.79262;1571685791179, 9.796924;1571685791274, 9.803969;1571685791370, 9.811463;1571685791465, 9.775847;1571685791562, 9.777865;1571685791658, 9.803867;1571685791755, 9.801502;1571685791849, 9.794909;
I/SleepMonitor: 1571685791946, 9.754406;1571685792041, 9.759032;1571685792137, 9.767964;1571685792233, 9.822838;1571685792329, 9.856725;1571685792424, 9.766357;1571685792521, 9.737743;1571685792615, 9.735045;1571685792712, 9.852212;1571685792808, 9.820325;1571685792903, 9.88986;
I/SleepMonitor: 1571685793001, 9.801759;1571685793095, 9.7017;1571685793191, 9.781787;1571685793286, 9.758767;1571685793383, 9.777597;1571685793480, 9.813523;1571685793574, 9.813501;1571685793671, 9.770287;1571685793765, 9.794291;1571685793861, 9.842194;1571685793957, 9.797123;
I/SleepMonitor: 1571685794053, 9.768415;1571685794149, 9.783046;1571685794245, 9.768341;1571685794339, 9.7941885;1571685794436, 9.842105;1571685794532, 9.818122;1571685794629, 9.744602;1571685794725, 9.744843;1571685794821, 9.801813;1571685794916, 9.806076;1571685795011, 9.839387;
I/SleepMonitor: 1571685795108, 9.844359;1571685795202, 9.756658;1571685795299, 9.735744;1571685795395, 9.749457;1571685795490, 9.778229;1571685795587, 9.794727;1571685795682, 9.847627;1571685795779, 9.821699;1571685795874, 9.776002;1571685795970, 9.7975025;1571685796065, 9.792922;
I/SleepMonitor: 1571685796161, 9.7307625;1571685796257, 9.81935;1571685796352, 9.80768;1571685796447, 9.761294;1571685796543, 9.821184;1571685796639, 9.895164;1571685796735, 9.792777;1571685796830, 9.74872;1571685796926, 9.75023;1571685797022, 9.773457;1571685797118, 9.658096;
I/SleepMonitor: 1571685797215, 10.036123;1571685797310, 9.769452;1571685797406, 9.767298;1571685797501, 9.880338;1571685797597, 9.840963;1571685797693, 9.799193;1571685797789, 9.880969;1571685797885, 9.849745;1571685797980, 9.809381;1571685798076, 9.757082;1571685798172, 9.831099;
I/SleepMonitor: 1571685798269, 9.802465;1571685798365, 9.783483;1571685798461, 9.964096;1571685798555, 9.756782;1571685798655, 9.811827;1571685798746, 9.8663;1571685798842, 9.850476;1571685798938, 9.762381;1571685799035, 9.724369;1571685799130, 9.704828;1571685799227, 10.082808;
I/SleepMonitor: 1571685799322, 9.743821;1571685799419, 10.26276;1571685799514, 9.956911;1571685799614, 9.699298;1571685799705, 9.746889;1571685799801, 9.751017;1571685799896, 9.779356;1571685799992, 9.887806;1571685800087, 9.934847;1571685800183, 9.606435;1571685800278, 9.813055;
I/SleepMonitor: 1571685800375, 9.7744255;1571685800471, 9.788277;1571685800566, 9.790774;1571685800664, 9.831464;1571685800759, 9.783702;1571685800854, 9.76224;1571685800949, 9.850471;1571685801045, 9.726657;1571685801141, 9.801128;1571685801237, 9.736764;1571685801333, 9.773975;
I/SleepMonitor: 1571685801430, 9.802003;1571685801526, 9.885814;1571685801622, 9.802366;1571685801717, 9.748463;1571685801813, 9.673647;1571685801909, 9.768949;1571685802007, 9.818729;1571685802100, 9.833611;1571685802196, 9.81711;1571685802293, 9.814881;1571685802388, 9.827374;
I/SleepMonitor: 1571685802484, 9.740547;1571685802580, 9.821562;1571685802676, 9.785701;1571685802772, 9.804891;1571685802868, 9.812317;1571685802963, 9.783643;1571685803067, 9.824106;1571685803155, 9.790644;1571685803251, 9.778676;1571685803346, 9.714544;1571685803442, 9.779034;
I/SleepMonitor: 1571685803537, 9.790445;1571685803633, 9.838083;1571685803729, 9.854761;1571685803825, 9.793181;1571685803922, 9.719829;1571685804018, 9.7219095;1571685804112, 9.783204;1571685804208, 9.840085;1571685804303, 9.852055;1571685804399, 9.809486;1571685804495, 9.771569;
I/SleepMonitor: 1571685804591, 9.767319;1571685804687, 9.8134575;1571685804783, 9.847719;1571685804878, 9.901003;1571685804974, 9.790236;1571685805070, 9.776388;1571685805166, 9.802795;1571685805262, 9.793049;1571685805360, 9.8285885;1571685805454, 9.79049;1571685805550, 9.783309;
I/SleepMonitor: 1571685805645, 9.804988;1571685805741, 9.845325;1571685805838, 9.86936;1571685805934, 9.845167;1571685806029, 9.755253;1571685806124, 9.73229;1571685806220, 9.72703;1571685806316, 9.794931;1571685806412, 9.893477;1571685806508, 9.852302;1571685806603, 9.783365;
I/SleepMonitor: 1571685806699, 9.791665;1571685806795, 9.717275;1571685806891, 9.785682;1571685806987, 9.819064;1571685807085, 9.828636;1571685807178, 9.785586;1571685807274, 9.747838;1571685807370, 9.759469;1571685807465, 9.8050165;1571685807561, 9.790837;1571685807657, 9.634483;
I/SleepMonitor: 1571685807753, 9.785936;1571685807850, 9.791296;1571685807945, 9.821485;1571685808040, 9.823887;1571685808136, 9.529175;1571685808232, 9.7912245;1571685808328, 9.734557;1571685808425, 9.769354;1571685808520, 9.821592;1571685808616, 9.866953;1571685808711, 9.83326;
I/SleepMonitor: 1571685808807, 9.786196;1571685808902, 9.736464;1571685808999, 9.743211;1571685809094, 9.7784395;1571685809190, 9.852504;1571685809285, 9.8405285;1571685809382, 9.790795;1571685809478, 9.759489;1571685809576, 9.74524;1571685809670, 9.77647;1571685809766, 9.824164;
I/SleepMonitor: 1571685809861, 9.807372;1571685809956, 9.77651;1571685810052, 9.783452;1571685810148, 9.816701;1571685810244, 9.809492;1571685810339, 9.798025;1571685810435, 9.738808;1571685810531, 9.733656;1571685810627, 9.79045;1571685810723, 9.845134;1571685810820, 9.847687;
I/SleepMonitor: 1571685810915, 9.779026;1571685811010, 9.665572;1571685811107, 9.719911;1571685811203, 9.77181;1571685811299, 9.821454;1571685811394, 9.82843;1571685811489, 9.81199;1571685811585, 9.776267;1571685811680, 9.78652;1571685811776, 9.79361;1571685811872, 9.831419;
I/SleepMonitor: 1571685811971, 9.82173;1571685812064, 9.786023;1571685812159, 9.7669115;1571685812257, 9.788282;1571685812352, 9.821191;1571685812448, 9.812031;1571685812544, 9.793363;1571685812640, 9.712303;1571685812736, 9.755092;1571685812831, 9.845724;1571685812927, 9.833561;
I/SleepMonitor: 1571685813023, 9.838529;1571685813118, 9.714188;1571685813213, 9.732314;1571685813309, 9.872522;1571685813405, 9.7930565;1571685813500, 9.842476;1571685813596, 9.857298;1571685813692, 9.783611;1571685813789, 9.755566;1571685813883, 9.762314;1571685813979, 9.7643;
I/SleepMonitor: 1571685814075, 9.823964;1571685814171, 9.785711;1571685814267, 9.764482;1571685814363, 9.790857;1571685814459, 9.802258;1571685814554, 9.816431;1571685814650, 9.795409;1571685814745, 9.786391;1571685814841, 9.736192;1571685814938, 9.814491;1571685815034, 9.728136;
I/SleepMonitor: 1571685815130, 9.8165;1571685815226, 9.817686;1571685815322, 9.750556;1571685815417, 9.705256;1571685815514, 9.740137;1571685815609, 9.811878;1571685815705, 9.869125;1571685815801, 9.845099;1571685815896, 9.795535;1571685815992, 9.726899;1571685816089, 9.700495;
I/SleepMonitor: 1571685816183, 9.778732;1571685816279, 9.859986;1571685816375, 9.963375;1571685816471, 9.771264;1571685816567, 9.766749;1571685816663, 9.795067;1571685816759, 9.795327;1571685816855, 9.683023;1571685816950, 9.755656;1571685817047, 9.726398;1571685817142, 9.7834835;
I/SleepMonitor: 1571685817239, 9.819058;1571685817334, 9.8336315;1571685817429, 10.071558;1571685817525, 9.709766;1571685817621, 9.7195635;1571685817717, 9.76443;1571685817813, 9.878678;1571685817908, 9.8666315;1571685818004, 9.781156;1571685818100, 9.753453;1571685818195, 9.741123;
I/SleepMonitor: 1571685818291, 9.745444;1571685818387, 9.818836;1571685818483, 9.836064;1571685818579, 9.828919;1571685818674, 9.80273;1571685818770, 9.790491;1571685818866, 9.778806;1571685818962, 9.760073;1571685819058, 9.78643;1571685819153, 9.748015;1571685819249, 9.762249;
I/SleepMonitor: 1571685819345, 9.835863;1571685819441, 9.818906;1571685819537, 9.809426;1571685819633, 9.8148775;1571685819730, 9.763466;1571685819825, 9.719952;1571685819923, 9.814486;1571685820019, 9.885782;1571685820111, 9.755246;1571685820207, 9.841281;1571685820303, 9.737098;
I/SleepMonitor: 1571685820399, 9.71956;1571685820494, 9.812346;1571685820590, 9.866897;1571685820686, 9.84783;1571685820784, 9.7810545;1571685820878, 9.784037;1571685820974, 9.762381;1571685821070, 9.75505;1571685821166, 9.805342;1571685821263, 9.771607;1571685821357, 9.74828;
I/SleepMonitor: 1571685821453, 9.819711;1571685821549, 9.866797;1571685821646, 9.840149;1571685821740, 9.823887;1571685821836, 9.793664;1571685821932, 9.705629;1571685822028, 9.731499;1571685822123, 9.831351;1571685822220, 9.811878;1571685822315, 9.833232;1571685822412, 9.755416;
I/SleepMonitor: 1571685822507, 9.756202;1571685822603, 9.748305;1571685822699, 9.826632;1571685822794, 9.8600025;1571685822890, 9.773872;1571685822985, 9.78138;1571685823082, 9.786626;1571685823177, 9.795571;1571685823273, 9.761933;1571685823369, 9.843257;1571685823465, 9.792905;
I/SleepMonitor: 1571685823561, 9.7529335;1571685823656, 9.819815;1571685823752, 9.819241;1571685823848, 9.800377;1571685823944, 9.800776;1571685824039, 9.750765;1571685824136, 9.681436;1571685824232, 9.774313;1571685824329, 9.859857;1571685824424, 9.883362;1571685824519, 9.826062;
I/SleepMonitor: 1571685824614, 9.973206;1571685824711, 9.674663;1571685824806, 9.716809;1571685824902, 9.872083;1571685824998, 9.842827;1571685825094, 9.833444;1571685825190, 9.764798;1571685825285, 9.750752;1571685825381, 9.760198;1571685825477, 9.826457;1571685825575, 9.841035;
I/SleepMonitor: 1571685825668, 9.781428;1571685825764, 9.826862;1571685825859, 9.819558;1571685825956, 9.828826;1571685826050, 9.8003025;1571685826146, 9.767117;1571685826244, 9.753046;1571685826339, 9.7697115;1571685826434, 9.816805;1571685826530, 9.8257885;1571685826626, 9.842715;
I/SleepMonitor: 1571685826722, 9.810591;1571685826817, 9.748903;1571685826915, 9.738823;1571685827009, 9.78379;1571685827106, 9.499868;1571685827200, 9.867334;1571685827296, 9.726078;1571685827399, 9.860004;1571685827489, 9.722234;1571685827585, 9.802833;1571685827679, 9.795386;
I/SleepMonitor: 1571685827775, 9.838371;1571685827876, 9.805381;1571685827967, 9.822477;1571685828064, 9.798127;1571685828159, 9.785927;1571685828254, 9.814896;1571685828350, 9.795569;1571685828446, 9.764718;1571685828542, 9.786203;1571685828639, 9.843205;1571685828735, 9.833387;
I/SleepMonitor: 1571685828830, 9.857883;1571685828926, 9.750881;1571685829022, 9.683972;1571685829117, 9.724055;1571685829215, 9.81912;1571685829309, 9.840517;1571685829405, 9.8265085;1571685829500, 9.805064;1571685829596, 9.784126;1571685829691, 9.754796;1571685829787, 9.7792845;
I/SleepMonitor: 1571685829886, 9.852263;1571685829979, 9.771591;1571685830074, 9.803407;1571685830171, 9.787853;1571685830267, 9.795176;1571685830364, 9.802424;1571685830458, 9.774051;1571685830553, 9.755821;1571685830650, 9.79064;1571685830746, 9.793083;1571685830841, 9.831469;
I/SleepMonitor: 1571685830938, 9.845569;1571685831037, 9.819701;1571685831127, 9.734292;1571685831225, 9.717496;1571685831320, 9.795777;1571685831416, 9.842924;1571685831512, 9.845161;1571685831608, 9.838999;1571685831703, 9.782157;1571685831799, 9.738955;1571685831895, 9.757804;
I/SleepMonitor: 1571685831991, 9.814405;1571685832087, 9.831311;1571685832182, 9.7718725;1571685832279, 9.798178;1571685832376, 9.764952;1571685832472, 9.840556;1571685832568, 9.783705;1571685832662, 9.996476;1571685832758, 9.716937;1571685832854, 9.752805;1571685832951, 9.767071;
I/SleepMonitor: 1571685833046, 9.7900915;1571685833142, 9.807114;1571685833237, 9.812952;1571685833333, 9.721229;1571685833428, 9.542333;1571685833526, 9.700238;1571685833621, 11.681665;1571685833717, 12.154375;1571685833812, 9.373304;1571685833908, 8.494339;1571685834004, 7.11185;
I/SleepMonitor: 1571685834099, 9.203233;1571685834195, 10.430384;1571685834291, 12.516147;1571685834386, 12.47475;1571685834483, 12.090574;1571685834579, 9.95926;1571685834675, 9.098992;1571685834770, 9.641864;1571685834866, 9.436282;1571685834961, 9.771385;1571685835058, 8.795198;
I/SleepMonitor: 1571685835152, 8.601471;1571685835249, 12.388276;1571685835344, 10.211919;1571685835441, 15.644586;1571685835537, 8.593984;1571685835632, 11.308122;1571685835728, 9.84254;1571685835825, 9.765041;1571685835920, 9.82677;1571685836017, 10.956915;1571685836112, 9.293384;
I/SleepMonitor: 1571685836207, 10.0133295;1571685836304, 10.283079;1571685836399, 9.967588;1571685836495, 10.223851;1571685836591, 8.706541;1571685836686, 9.196615;1571685836782, 9.761995;1571685836879, 9.699867;1571685836974, 8.273443;1571685837070, 11.294353;1571685837165, 9.314705;
I/SleepMonitor: 1571685837261, 9.776751;1571685837357, 8.629886;1571685837452, 10.038105;1571685837549, 9.623565;1571685837645, 9.156853;1571685837741, 9.453689;1571685837837, 9.9811;1571685837932, 10.560043;1571685838028, 9.661501;1571685838124, 9.639025;1571685838219, 9.832343;
I/SleepMonitor: 1571685838315, 10.53354;1571685838411, 9.686107;1571685838507, 5.596616;1571685838602, 10.679508;1571685838698, 12.76463;1571685838794, 10.35867;1571685838890, 7.1747165;1571685838986, 7.97276;1571685839083, 12.641889;1571685839178, 13.66558;1571685839275, 7.2333817;
I/SleepMonitor: 1571685839369, 9.309375;1571685839465, 9.945208;1571685839562, 8.564418;1571685839656, 10.328807;1571685839753, 9.669565;1571685839848, 9.392476;1571685839943, 11.495019;1571685840039, 8.596298;1571685840134, 9.173379;1571685840230, 10.334272;1571685840327, 9.444954;
I/SleepMonitor: 1571685840421, 10.131219;1571685840517, 9.942277;1571685840613, 9.671983;1571685840709, 9.597957;1571685840808, 10.045553;1571685840902, 9.771531;1571685840997, 9.880734;1571685841092, 9.561597;1571685841189, 9.83281;1571685841284, 9.904981;1571685841379, 9.677128;
I/SleepMonitor: 1571685841475, 9.841083;1571685841574, 9.813207;1571685841667, 9.798893;1571685841763, 9.627534;1571685841859, 9.735174;1571685841957, 9.711008;1571685842052, 10.335465;1571685842148, 10.101362;1571685842243, 9.9405;1571685842338, 9.630066;1571685842434, 9.850843;
I/SleepMonitor: 1571685842532, 9.839916;1571685842627, 9.785752;1571685842720, 9.719848;1571685842816, 9.761303;1571685842912, 9.772594;1571685843010, 9.744923;1571685843104, 9.759123;1571685843199, 9.709709;1571685843297, 9.769177;1571685843393, 9.734718;1571685843487, 9.723606;
I/SleepMonitor: 1571685843583, 9.717769;1571685843679, 9.739955;1571685843776, 9.710271;1571685843871, 9.723534;1571685843967, 9.869491;1571685844062, 9.655885;1571685844159, 9.910548;1571685844254, 9.63364;1571685844349, 9.838357;1571685844446, 9.738654;1571685844542, 9.774827;
I/SleepMonitor: 1571685844637, 9.758194;1571685844733, 9.734361;1571685844829, 9.554655;1571685844925, 10.181896;1571685845020, 10.46376;1571685845117, 10.507297;1571685845212, 9.487418;1571685845309, 9.3049755;1571685845408, 8.74619;1571685845501, 9.438208;1571685845595, 10.775284;
I/SleepMonitor: 1571685845691, 9.42605;1571685845787, 12.0612545;1571685845882, 8.949744;1571685845978, 9.190268;1571685846074, 10.465313;1571685846170, 9.413431;1571685846266, 9.460006;1571685846362, 9.836185;1571685846458, 9.731008;1571685846553, 9.834475;1571685846649, 9.65374;
I/SleepMonitor: 1571685846745, 9.6616125;1571685846841, 9.836935;1571685846938, 9.713115;1571685847033, 9.773657;1571685847129, 9.70033;1571685847225, 9.788086;1571685847323, 9.56703;1571685847417, 9.6301155;1571685847512, 9.862962;1571685847608, 9.713157;1571685847704, 9.580537;
I/SleepMonitor: 1571685847800, 9.728212;1571685847896, 9.546343;1571685847991, 9.660278;1571685848088, 9.619725;1571685848183, 9.660484;1571685848279, 9.584607;1571685848375, 9.64135;1571685848470, 9.753467;1571685848566, 9.750416;1571685848662, 9.7071495;1571685848758, 9.717811;
I/SleepMonitor: 1571685848854, 9.499521;1571685848951, 9.637662;1571685849046, 9.627481;1571685849141, 9.723968;1571685849238, 9.641828;1571685849334, 9.587175;1571685849430, 9.707634;1571685849525, 9.599133;1571685849621, 9.547605;1571685849716, 9.718217;1571685849813, 9.786633;
I/SleepMonitor: 1571685849908, 9.639279;1571685850004, 9.64326;1571685850100, 9.798739;1571685850195, 9.720467;1571685850291, 9.745654;1571685850387, 9.611879;1571685850482, 9.7398405;1571685850578, 9.748658;1571685850674, 9.630854;1571685850770, 9.679723;1571685850866, 9.696189;
I/SleepMonitor: 1571685850961, 9.716552;1571685851057, 9.851307;1571685851153, 9.777693;1571685851250, 9.700608;1571685851344, 9.709929;1571685851441, 9.780471;1571685851536, 9.817853;1571685851632, 9.709266;1571685851728, 9.625546;1571685851825, 9.617372;1571685851920, 9.691115;
I/SleepMonitor: 1571685852016, 9.801121;1571685852111, 9.717431;1571685852208, 9.700191;1571685852303, 9.611565;1571685852399, 9.692581;1571685852495, 9.748016;1571685852590, 9.765003;1571685852688, 9.691473;1571685852782, 9.752505;1571685852879, 9.785156;1571685852974, 9.862701;
I/SleepMonitor: 1571685853070, 9.825227;1571685853166, 9.675187;1571685853262, 9.673019;1571685853358, 9.6980715;1571685853451, 9.700559;1571685853548, 9.816597;1571685853643, 9.49135;1571685853739, 9.687906;1571685853834, 9.454221;1571685853930, 9.612615;1571685854026, 9.672081;
I/SleepMonitor: 1571685854122, 9.472378;1571685854219, 9.569793;1571685854314, 9.716293;1571685854410, 9.3249655;1571685854506, 9.576646;1571685854601, 9.602898;1571685854697, 9.660443;1571685854793, 9.693831;1571685854889, 9.648838;1571685854984, 9.538126;1571685855080, 9.62529;
I/SleepMonitor: 1571685855177, 9.633502;1571685855271, 9.682497;1571685855368, 9.553379;1571685855463, 9.655583;1571685855560, 10.016996;1571685855656, 9.584502;1571685855752, 9.657838;1571685855847, 9.8939;1571685855943, 9.746082;1571685856040, 9.680385;1571685856135, 9.592914;
